43.694551,48.960645
41.268314,43.853248
28.574621,44.520522
31.449904,51.247540
33.584988,48.192836
34.731249,43.956212
32.293309,43.374567
41.664985,43.351133
31.772917,46.501835
35.027468,46.684885
31.201565,49.635730
41.069821,46.884982
42.397492,47.988262
40.330957,50.245786
39.631493,50.458832
31.114126,49.925868
35.544213,50.903624
35.810846,47.218284
32.357815,46.763663
33.683462,49.811781
31.736764,57.446009
41.735017,52.726472
33.751717,58.824439
33.599078,48.047758
25.894096,53.860112
33.151707,47.825918
39.858133,47.775310
34.518853,49.173967
33.656868,49.108567
31.690399,45.955795
26.620452,43.811969
34.315696,43.445712
38.753512,54.029321
37.473061,50.907093
36.959001,42.874096
40.530134,45.145010
36.171175,51.798721
33.364238,48.607666
42.671647,50.218464
33.213412,52.225857
30.515535,48.818417
33.663305,47.318855
37.196125,50.832337
42.329616,53.464986
26.934637,54.124180
36.348422,51.202916
39.203139,47.804129
27.808286,53.283205
35.702892,48.696929
33.588545,47.242247
25.900936,50.460326
28.501455,55.357861
33.483508,49.274139
33.758570,48.736362
32.247441,53.021552
35.418219,43.908374
35.985440,45.805600
32.812602,41.674778
35.634239,53.747965
37.056323,49.970572
33.846433,47.714597
32.152391,49.014731
42.881902,49.455848
28.366897,53.787022
32.556840,50.512339
34.812637,48.891651
25.478625,43.960527
24.502887,48.213948
34.224867,46.550449
32.716107,56.488208
34.453914,47.159417
34.893997,49.471879
34.427510,49.358084
36.440977,47.594897
37.958611,42.671805
30.085407,49.045813
28.396345,52.793840
26.985102,54.265978
27.761897,54.753293
33.498539,47.365297
41.155466,50.633822
41.162166,51.527917
34.655210,46.808109
35.183578,58.181102
32.069590,54.426295
25.452782,53.693461
34.257145,48.419102
26.509809,49.711413
33.552829,45.295069
32.328698,52.462837
29.568746,48.200293
34.843836,54.166168
27.903592,48.807323
39.512760,51.879322
40.776412,44.137935
33.472590,50.626427
38.663118,51.592617
33.404590,44.439501
33.573596,50.431481
37.725431,55.397140
34.115604,44.365817
29.059106,56.540130
31.946410,48.652124
32.219511,54.844238
32.850394,57.136002
33.119356,48.763859
36.824459,41.196802
32.934365,48.235144
33.280294,47.470853
35.602330,50.208692
34.202498,56.384401
30.101864,50.408560
34.307556,45.155755
34.149402,48.192610
31.425683,47.239141
38.276450,50.515625
34.015893,49.132245
33.677146,48.769606
41.597887,54.543862
33.346305,46.765960
31.051225,50.256228
31.317377,43.163937
28.092591,44.063526
29.560474,51.732852
37.874594,57.339580
30.898645,49.924159
32.385397,48.906751
38.994432,46.750709
34.125843,48.320741
36.766634,54.644399
34.552657,52.666515
28.240765,51.054106
34.523916,50.677532
36.851277,54.541050
32.052145,58.172886
37.076889,47.900856
26.576131,48.012860
30.670934,44.626516
35.315976,45.562197
35.222766,43.879506
27.482491,53.252724
30.801540,58.077100
29.914616,46.152173
37.152779,46.120989
31.589067,53.911330
38.974182,49.799337
29.382161,48.551215
38.392933,42.106659
39.518440,43.383517
30.268620,53.491859
32.904226,49.794648
32.901796,47.798357
38.471667,46.365717
32.693330,47.624570
31.332392,45.165645
36.662389,51.053781
33.169337,50.680097
37.277627,54.640712
27.410019,46.983244
39.098693,47.742599
40.213876,42.631584
24.969213,48.969388
27.889597,48.291322
26.325003,47.034773
32.666519,52.128785
38.895673,42.097292
33.576914,50.628728
27.283358,43.461448
30.017585,57.100260
36.010419,39.253831
39.895193,44.914888
40.369399,55.028136
29.891781,40.823844
27.359569,43.365748
24.837220,48.549325
25.640167,46.555509
31.914557,54.080222
31.951716,46.823806
40.510159,46.394719
39.371112,51.853953
28.661761,48.882779
33.849900,49.710778
38.199069,47.697398
34.307680,50.699333
33.661011,56.538482
31.039371,50.831127
34.607770,40.746481
28.704693,51.683796
37.202944,47.457557
26.746390,44.709199
36.409893,46.659629
39.358074,48.345808
34.766658,39.621528
33.930356,48.009488
33.328108,47.998636
26.255112,50.769076
26.581051,53.861528
28.945839,44.196311
29.508823,56.951891
40.185140,46.266184
35.956773,48.260377
33.938303,48.652948
25.912797,45.548144
37.558095,50.091780
31.597244,46.845273
38.189060,43.556910
35.548858,40.979126
36.181540,46.133739
38.126020,52.366076
26.551072,45.112088
33.351060,48.777823
34.429398,47.688605
39.089851,47.135499
31.727925,52.224251
30.346449,52.767494
30.526317,54.814863
34.392458,39.518696
41.903380,50.384727
31.862372,46.417140
34.256245,48.898352
26.704212,43.585393
40.809435,52.796702
33.517630,54.934914
39.144130,56.548425
25.865875,47.793739
29.935861,49.033567
36.816923,57.349674
30.427384,47.769976
40.942388,49.098642
32.091072,39.497250
32.824295,41.998665
27.632413,54.243965
27.299352,49.239263
28.217925,50.867810
35.967375,47.630673
37.644110,54.346442
34.256291,57.117725
31.197283,54.343459
29.577497,47.302436
33.577915,46.252928
31.117172,52.183565
39.587375,49.821665
33.695607,51.039040
33.789089,51.327799
36.146169,52.250493
37.469571,41.602643
37.856550,55.440146
33.774933,48.293950
34.501748,42.025915
33.225839,42.688743
35.044691,49.098953
32.652531,51.616776
33.962990,45.797886
25.971798,45.447970
30.378546,50.136740
31.456875,46.518888
32.887308,43.640914
33.867453,48.907131
32.389771,48.444916
25.797519,46.702429
28.635161,46.671877
36.747511,46.174942
29.678067,50.624647
40.836093,50.101654
39.476553,49.734855
28.629273,43.394251
37.819083,48.370962
39.264473,50.731957
24.414717,48.098734
35.069102,50.402826
39.293286,43.238006
33.940240,49.136042
26.517728,50.046445
34.079305,46.946570
28.824587,43.105241
37.652629,51.787399
30.983019,54.800607
34.216688,50.619963
33.473630,52.381042
39.996755,47.176552
38.560201,52.725687
35.655072,44.380675
34.488870,50.651093
27.756661,48.918851
28.745853,45.948910
34.585288,46.063253
26.442318,53.005901
33.629885,42.775823
32.855271,48.579129
36.161964,50.880211
35.821496,47.790911
32.787916,50.387161
32.704276,47.528462
39.388857,52.637253
32.698329,50.905766
26.921975,48.157520
31.796089,49.870878
34.591567,53.894996
42.469231,51.156581
39.554757,52.134698
33.823276,48.894996
31.181759,44.280050
31.854193,52.910958
34.265729,49.263898
29.822324,49.861961
38.765707,53.731519
29.745144,56.622543
31.791136,51.889711
30.200153,42.757163
35.995064,50.551894
33.057265,46.265390
36.719520,40.520536
34.657153,50.057912
36.148289,48.529865
32.777098,45.883435
33.776533,49.258842
24.837852,47.282321
34.282895,48.920738
30.703572,43.677154
38.320899,57.244597
33.614526,51.880040
35.221452,48.806643
27.017316,46.644825
30.048097,46.351336
38.803012,51.533603
42.914215,51.118281
25.528231,54.310121
29.013664,46.197688
31.270764,48.504032
33.790265,49.138676
33.751848,49.166250
30.632606,49.062322
32.673010,46.528383
32.767920,49.500766
32.099448,50.727542
33.951903,48.900091
36.699944,40.675160
33.352953,46.909083
32.129432,41.289376
28.160557,47.328147
34.240913,48.791857
36.354663,48.739623
35.496362,50.403270
30.835860,47.256760
30.118818,53.819020
34.597871,54.858581
33.688930,48.875698
37.494181,43.135301
40.950901,45.392752
37.018110,46.186241
36.121397,51.012026
34.202504,44.954564
34.050854,48.451633
33.527680,47.039002
33.381736,49.232279
32.304461,47.001883
29.813523,56.996046
38.245247,51.109968
32.077150,54.380802
33.750022,48.663773
36.855888,46.372678
37.946454,55.594103
37.272867,55.490622
37.503840,45.675737
39.762832,41.241725
35.124482,49.181214
28.741673,52.897274
30.133286,47.501943
37.785361,47.238299
31.470917,46.995974
33.995577,48.161575
26.131155,52.265298
41.506778,50.898530
41.792104,51.797571
31.062669,54.584084
29.097246,80.390488
28.943096,85.653535
26.141634,85.538250
27.291661,82.827081
26.636062,81.021698
30.053148,88.254837
26.851105,83.311492
25.815590,85.250684
28.676916,85.293523
29.732181,91.803352
26.861407,79.329425
28.178230,83.978468
29.276394,86.723909
27.232326,81.276941
22.075538,87.848669
19.568708,81.922992
27.976800,81.763848
28.327510,83.528135
30.111781,84.871145
30.959570,77.802504
23.808474,92.198491
27.412146,83.019683
27.754628,83.296685
25.906548,92.277730
33.870496,88.704263
26.672530,83.415611
28.951374,82.893671
34.330221,81.858910
25.416615,79.977448
23.115143,80.898281
31.131621,84.040128
24.103489,87.402662
27.218703,82.957696
18.934652,85.995246
27.786444,90.468490
27.265690,86.208451
27.381877,85.791160
28.764456,89.085530
27.432583,80.205868
27.123127,82.579554
32.083190,89.741105
23.239094,88.212672
27.601248,81.847406
21.642521,78.652015
27.881523,75.757183
32.299339,80.598115
28.897593,78.532780
36.254497,79.279454
29.547077,78.604441
19.049844,81.587437
34.329663,83.629892
30.582061,81.920731
21.195802,81.205160
35.510128,87.348667
29.972147,83.554723
28.120306,84.242503
28.192909,82.364050
23.859974,88.288314
28.487937,83.855819
26.110320,77.248019
22.620069,88.148779
22.831905,84.386966
29.311917,85.023595
29.209922,83.823843
27.115020,83.324089
32.156218,89.369000
18.237528,82.774007
35.773856,81.090428
24.395543,89.937786
25.088031,84.239192
27.887207,81.997436
32.916299,88.843172
20.078687,78.397716
27.084391,92.629905
24.641252,82.726569
27.658288,89.921029
27.589206,83.769588
22.293385,85.132613
31.264083,81.025323
31.429620,77.526989
24.838056,82.284157
31.430786,74.962710
35.211124,83.451563
30.858113,78.091300
28.633804,88.532570
31.888396,79.704465
28.328187,83.842534
22.385793,75.280771
31.643488,79.613708
25.842883,78.827431
17.495603,83.456148
33.018930,81.685244
23.436673,82.475113
34.900567,88.007755
26.876075,83.940897
23.887146,76.682037
26.493617,82.126344
29.824406,82.288358
27.874344,79.143274
34.547443,89.132573
27.216530,82.177143
28.169488,84.558836
26.480078,77.438845
26.107091,83.043644
19.872602,86.532134
27.282755,83.410165
24.083244,88.174761
24.490511,90.799427
27.729979,88.579966
19.269788,83.911888
31.064228,78.192010
24.406756,78.652534
27.203210,82.846239
29.775583,85.176811
29.915898,78.190247
29.772452,86.877272
24.713535,80.260499
27.842997,85.326483
26.933129,83.266680
34.408867,86.102859
32.749820,82.025804
29.976210,78.805856
33.061142,89.453167
27.301473,80.936753
35.577483,78.563653
27.298284,82.642332
34.782584,80.422392
29.460545,81.091339
30.485851,77.901594
26.388168,84.672236
28.516595,81.963397
27.135355,83.166583
19.091951,84.060585
21.512773,87.444734
28.691784,79.544200
26.785197,90.519574
23.411502,84.992839
24.708141,81.592999
31.447187,83.186066
24.838174,89.621522
35.993141,79.486128
25.299375,82.990096
33.734997,79.473153
23.312661,78.895464
26.773159,82.976173
24.714372,82.663633
27.148353,82.789475
17.999892,83.405491
27.198786,82.977567
28.833489,91.547435
32.098545,89.325306
22.399427,74.830992
23.846513,80.594112
24.863874,80.434890
34.356578,89.884708
27.204165,85.253578
24.624522,82.876710
22.451653,80.428109
24.314175,78.074176
27.059749,82.620918
17.791117,83.260752
25.332009,85.441458
24.151962,75.274272
27.274570,83.138662
28.589471,83.139269
25.685001,81.613032
22.425479,80.549313
23.988559,82.237339
26.663686,84.286118
18.339424,87.112374
23.144290,83.439633
24.526016,74.216029
25.027690,80.810415
27.231473,83.576936
28.810637,75.458379
30.692856,86.959910
26.044377,87.993905
29.327218,87.553454
27.036590,82.869551
27.497831,85.287644
19.999346,84.154524
33.623438,85.939556
27.467333,83.192016
22.161782,90.455900
30.724155,74.419203
26.760501,82.920804
28.836831,92.227680
24.718142,85.715646
27.298456,82.661367
24.993573,82.649929
29.609557,78.298551
33.152585,87.154551
31.525212,80.182260
28.334353,75.941475
30.416155,86.577733
22.733620,82.559871
27.308859,89.119660
30.977767,82.284024
32.066720,76.627837
21.816866,86.013283
21.129227,81.089582
28.937611,80.928443
29.341870,77.213177
29.995642,86.765164
29.928542,80.682672
30.142699,76.763217
25.998706,84.826022
24.320991,76.017127
30.024138,76.896380
27.238576,87.638622
31.183264,84.213863
22.393787,90.102884
29.082879,82.606663
23.866830,82.526064
25.359073,83.861842
27.258661,82.703411
27.872142,82.913615
26.222549,87.238867
33.145743,75.032422
26.703897,81.914065
29.140831,86.667448
29.433838,82.558208
36.183295,81.273359
24.929940,87.517729
27.734209,85.662543
21.479342,84.160532
32.822791,85.560876
23.096477,86.607914
23.057237,75.062282
26.199085,84.230578
25.363468,87.248135
22.500160,81.829186
28.572329,85.910766
31.691650,85.330047
30.932349,82.031369
29.021347,73.759629
23.745639,80.092484
30.534543,74.991533
27.617569,76.288321
29.550369,75.824936
28.290767,83.475600
35.830930,83.037622
27.155314,83.632062
29.756582,84.237992
30.472745,80.793539
29.239471,83.671602
34.671372,78.126052
28.655098,85.387072
30.272757,78.795205
21.522868,84.015731
33.569120,78.945104
27.140289,74.450731
35.407507,82.654035
22.837936,83.164724
30.391081,78.159298
27.105694,84.957520
30.766238,84.471148
22.916405,83.497532
31.685885,75.693472
28.438041,82.610828
27.422333,83.431028
32.160281,77.679322
27.076450,82.966260
22.966299,84.495186
29.715061,84.422466
21.098076,79.336128
18.872460,80.913605
23.561061,77.522399
23.256552,90.758413
33.238721,87.500168
32.401510,83.898113
25.027451,80.635160
18.106087,83.614685
32.199444,81.115797
27.427759,86.145074
28.204009,82.991587
35.012285,84.484221
19.292353,88.895460
18.097304,86.247537
27.221385,82.592081
25.449943,83.539713
33.063156,76.921678
27.663351,83.096003
29.929726,84.389528
26.755716,78.548887
34.630663,83.697900
21.024678,82.934806
32.049319,82.002979
23.338206,89.346846
18.810604,83.995210
28.517670,81.166488
32.401970,79.849734
23.928887,74.201727
24.019655,77.472704
24.478179,81.971233
28.500905,82.095096
36.023362,85.322509
27.767719,84.117824
19.896114,81.966798
27.180271,82.953505
30.722239,82.071770
25.841759,82.585058
25.781828,83.598242
29.005747,88.586349
26.854793,84.057711
27.933396,82.761140
28.873038,83.510565
32.483123,75.267046
35.663321,86.557174
29.670452,84.437118
28.997781,88.965685
24.958435,81.401585
28.312080,77.539846
33.631280,76.510423
25.017470,88.674384
29.283823,82.763502
27.346737,73.708278
31.767285,86.109415
32.854427,79.370703
19.147646,83.499306
32.843136,78.716484
30.561561,82.008408
35.961294,78.894406
28.810532,89.810883
22.046334,84.804518
24.607428,81.444704
32.697184,77.661188
28.386668,83.453502
28.978478,82.206195
30.239043,83.943603
26.728474,83.498481
32.121872,85.929363
20.970043,77.731433
25.021634,83.217267
25.247841,77.060045
25.006361,86.144158
30.797940,77.339906
28.496450,89.958793
26.807709,82.609772
26.346388,85.205294
29.540022,89.885754
28.262558,83.209542
30.799511,80.184122
25.857844,85.951682
27.048494,83.077531
17.524219,83.949117
19.612079,88.206713
25.189027,79.416809
24.721299,82.826941
25.344126,88.410143
25.134504,75.712525
26.314716,87.994539
27.653416,82.152965
28.977161,84.198767
30.918091,87.390380
30.283155,77.269658
27.104362,82.943845
28.343903,80.962075
33.842980,77.323251
25.987305,90.033034
28.405584,84.894331
30.056282,83.401205
25.564337,74.647155
26.774271,82.604303
27.154476,82.998434
29.451115,85.279283
32.847599,85.949624
31.694648,81.502762
21.903812,82.173505
26.852934,84.984890
27.175996,83.037055
24.490155,81.815430
27.480211,82.812182
36.970580,84.540257
30.811885,79.328595
72.288305,50.463805
79.279766,48.382532
66.173096,56.130441
69.172406,56.558464
70.019350,46.159209
72.449083,50.669063
76.009571,44.422652
69.023761,51.374284
66.878107,49.208758
75.529044,50.868739
79.656987,56.064072
74.157494,51.176430
79.358125,46.000687
70.415470,49.773461
72.545521,50.663522
72.988460,44.900670
73.647474,55.838955
72.460632,50.823082
75.376297,43.240629
68.621819,51.238794
72.070489,46.347945
65.152770,50.855619
72.565798,51.303729
70.802366,54.200251
73.738985,55.442830
72.562505,56.257710
70.155663,51.774541
71.598566,58.508082
76.512437,56.767606
63.946170,51.883112
67.299885,54.810622
74.811486,54.855039
73.575033,57.533595
78.913042,55.080716
73.196262,50.613309
75.009422,50.184416
72.146612,56.986797
76.675418,47.797445
70.484653,55.172160
68.770673,53.444611
75.454847,55.219593
67.891525,49.272774
72.238443,59.825897
66.444772,51.781214
76.320314,50.232303
65.382748,45.165819
71.919467,57.900642
76.678632,47.471203
73.636144,48.393646
70.007321,52.708941
70.788104,46.418688
67.094332,56.776563
73.426972,50.196549
72.921319,51.011763
73.824650,47.459251
71.251439,52.306349
70.210348,41.954968
74.043150,51.772839
73.574472,49.573235
70.747797,44.764699
81.273005,54.043252
72.415109,50.545795
66.810099,51.091905
72.744358,50.647832
69.014397,59.997174
72.811138,51.006209
72.506520,54.801687
70.447274,52.869693
72.640979,51.043661
75.859281,54.140022
70.089788,47.976061
72.030890,53.670915
76.987989,57.403606
73.966117,52.027468
72.148981,58.138210
70.278888,52.118370
78.121759,50.713873
71.121131,57.916159
70.885508,54.933987
74.478120,55.278597
68.292358,50.112075
77.118884,56.132495
73.685993,58.246475
75.157544,55.724849
71.061280,52.856919
72.749157,51.223913
74.158563,51.899651
72.280507,47.388986
73.029372,49.604459
72.273273,48.097904
72.918909,56.182122
73.274258,50.959094
67.430725,50.764367
72.362229,50.927598
72.006718,52.415044
74.027393,41.649220
78.936611,54.992214
65.603976,52.371532
75.104654,51.125501
72.823514,50.746045
79.973305,54.970378
72.023202,49.734466
71.980675,54.463892
81.930135,49.652579
75.668470,51.540433
69.466315,42.111196
74.720706,55.523488
71.359071,57.894099
70.669063,52.591581
66.548570,53.860851
64.447450,49.785801
67.740951,55.206964
65.205779,47.935936
74.666764,55.380361
70.198637,56.731953
71.393961,48.109999
74.504339,45.936696
67.944617,49.807564
72.441403,50.335547
75.168174,49.437819
72.968450,50.743217
74.207936,49.051690
69.485789,56.595015
73.749355,53.324336
75.986815,56.539942
74.590656,47.812360
69.578558,53.431189
66.218252,46.235234
72.867460,60.165639
79.577969,44.882895
66.974803,49.207965
72.388760,54.154246
64.755188,51.297806
66.424842,52.082212
82.093322,50.721781
72.758936,50.650467
72.180894,46.935717
72.222672,46.658171
70.552448,45.640992
72.568446,50.803887
77.793542,57.012477
67.224195,55.879583
66.656897,43.554358
74.477960,46.250224
69.651193,52.281886
74.043978,49.815560
80.789176,52.774114
65.165554,57.425944
71.148411,52.767813
63.252060,49.881206
73.173762,52.124585
76.632113,49.805994
78.074491,57.224954
72.587125,51.263822
71.543534,50.442225
69.818639,44.767360
72.632345,53.478631
70.384735,46.593431
71.512190,51.259938
72.453506,48.825317
68.023572,50.251397
67.034520,57.218935
72.940376,51.178081
71.447351,52.657553
72.423401,48.447743
63.754187,49.596120
66.302271,54.158498
72.470027,50.097584
74.291372,50.274705
76.073577,59.089107
72.789874,50.831812
68.459818,41.920881
78.983463,56.333429
70.042708,50.535176
74.121224,46.100276
69.574084,48.184000
63.785903,49.368738
82.141591,52.309725
72.000159,55.681113
72.765829,53.666015
70.644392,51.503125
74.137284,51.361366
77.828160,50.475234
74.000433,56.153474
72.373495,50.479508
79.824993,47.051823
80.677666,54.532085
73.711395,53.093594
71.493535,47.100883
73.581608,53.608515
67.757463,57.896267
74.621763,50.540600
71.150168,44.789198
66.795376,50.920602
71.030131,53.848435
73.850764,58.333353
66.839403,53.070089
73.109684,49.427487
72.311157,49.991044
73.792019,49.804931
74.133467,53.793783
70.599237,42.532775
67.399747,49.260295
75.266304,46.699555
79.150599,46.237476
67.694643,43.210887
79.268925,57.558995
75.770007,60.259572
76.928763,48.115628
72.564927,44.448412
78.929735,56.239638
69.614533,53.596805
67.088177,43.326488
74.608458,43.034749
79.607625,56.303253
79.059012,47.493995
73.553545,43.496960
75.967537,45.451118
71.621267,41.251884
72.548691,51.019862
64.327654,54.471121
75.083911,55.764468
68.075827,51.187483
72.235072,45.166064
71.130966,54.253383
72.638113,51.358582
72.503027,50.648495
70.539119,49.338134
72.504009,48.647324
70.316115,44.026552
66.694508,46.392282
76.675601,54.811774
64.049029,48.319280
69.323579,58.863538
72.567538,50.825898
75.051139,53.412132
79.253519,51.791164
68.507596,43.562700
70.684026,52.073224
69.585127,51.849421
75.245889,43.677258
75.275347,53.214203
66.342982,43.459786
73.025024,50.706021
79.196552,50.458589
70.465119,48.789102
70.881442,46.641698
73.452954,49.929392
65.999491,51.135143
73.559130,50.496742
73.558026,50.226371
74.483395,51.208405
79.777680,45.779957
74.791155,50.460352
70.828121,42.887876
72.499587,50.287915
65.220741,44.562259
68.466227,54.251557
74.273658,53.388149
73.088969,41.602878
79.696967,47.372851
70.948501,50.541928
75.073749,51.073681
66.213000,48.041691
76.045010,53.104680
81.808125,53.234003
78.543575,54.419358
73.893020,48.496566
75.019093,56.251375
74.063569,50.714678
68.390922,57.830103
66.555183,50.393178
69.313797,48.167782
66.190125,49.869123
70.658873,43.165186
66.660953,55.432494
69.501169,52.407250
81.549087,55.147232
68.953547,55.788827
72.204611,46.049845
70.011518,52.708063
66.805580,42.888952
72.968215,50.928543
75.448734,59.897571
70.337244,54.305443
76.802227,56.185692
73.154621,49.930534
72.307940,51.145122
72.375598,52.279485
72.770757,48.405804
69.838631,46.679262
65.235999,44.696191
74.615645,44.285628
72.715391,47.706065
73.360124,51.278782
77.084387,51.504230
70.337828,52.534976
68.455409,47.709303
65.651254,55.246122
75.629480,56.566795
76.474491,48.014334
74.748042,58.782613
72.977450,49.966642
74.083632,54.861668
72.383740,52.050307
73.868862,46.647815
71.135156,48.449907
80.160584,57.368398
71.683232,52.607532
72.439931,42.762513
72.373615,50.271359
68.730511,48.054174
73.459028,49.225177
80.447612,50.134592
66.099934,48.381022
69.937829,52.090165
79.513312,49.669980
71.877842,50.973177
78.409680,43.891997
74.137877,52.698011
67.467638,48.015117
72.309773,50.783561
71.417274,47.479498
74.017585,43.977769
80.970787,48.522462
72.718915,48.254523
69.719788,46.623055
76.147526,51.253302
70.876766,41.653112
74.245123,58.078209
76.096027,54.373895
70.985062,51.820796
70.515937,54.108698
75.779251,55.468616
77.379137,48.015908
66.567372,48.807801
73.894883,54.477046
70.916353,48.097517
71.715611,49.635737
74.808478,59.034186
74.125120,50.997609
74.506897,45.723282
72.988110,46.553240
72.485763,49.722257
81.976048,51.325168
71.928645,50.025114
73.957211,53.175752
70.890476,51.154239
72.540039,51.445863
72.451469,50.839412
66.688066,53.398801
70.230560,52.754712
77.643722,55.990775
66.250693,54.086439
70.454967,44.630761
68.748313,59.462379
73.099172,51.171936
71.048740,50.670421
66.991729,57.130662
78.246967,50.938726
72.516893,53.828221
77.528314,53.554705
72.879514,51.024123
72.461446,49.059139
72.267085,51.174856
78.416277,57.771597
79.476554,44.883164
65.545038,54.137821
79.469523,47.730400
74.332374,55.902743
72.556074,50.768104
73.738684,55.791526
77.412558,54.140576
73.017496,52.401635
73.112340,55.690368
53.434620,15.015398
65.184694,17.460240
53.525301,12.359055
62.940288,11.659904
57.786186,13.170553
59.228857,11.243338
50.784996,7.667454
60.425669,7.368958
60.089131,11.815767
64.176147,14.253935
49.393460,14.336201
51.583436,13.630560
54.954666,17.660054
59.052845,13.620469
60.363628,21.887776
54.657512,22.196746
56.803107,11.443483
57.097510,14.014445
57.829787,12.804009
55.305574,13.310794
57.966299,13.252523
61.861902,15.977157
57.954420,11.104845
56.307979,18.090167
56.922360,13.439956
57.061659,9.975894
57.255733,19.768468
62.730812,15.736329
56.122534,18.489941
56.490410,9.866264
59.340816,13.835409
52.916493,16.894414
64.606821,14.976367
62.040498,8.338226
61.857573,6.280693
57.138887,14.577287
59.391409,13.920086
53.088628,11.267213
60.123177,13.175874
58.676888,12.087030
58.890443,11.952954
58.549315,17.053213
62.072897,11.116435
60.770891,3.849471
57.936177,14.111913
65.838222,10.385089
65.376648,7.872812
52.990772,5.587224
50.822284,8.863264
51.994554,18.461392
65.550562,13.544766
51.328789,20.340785
60.651586,9.526278
58.629444,13.465813
57.248936,13.742757
50.217944,7.409573
57.372357,15.975663
59.084190,12.565817
55.587837,11.820673
52.944108,5.395047
55.002725,6.984525
63.240859,19.239497
55.158094,13.853156
65.424122,10.495800
52.504023,10.684960
55.935771,21.715865
63.873418,13.681631
54.966001,13.728847
67.707620,12.369545
50.633222,11.610356
65.729043,17.497243
61.647059,21.097093
53.008558,21.806408
52.155369,15.207695
64.125408,20.850158
66.196827,9.235860
61.240011,8.907736
58.595418,12.728451
59.421148,11.419477
50.819127,11.666561
66.477124,12.633158
52.493850,10.860832
58.345275,16.695654
50.711037,15.788643
63.597860,9.283747
53.936628,16.800905
57.154574,16.151658
59.958222,13.713043
58.054655,16.079649
54.919778,15.983299
60.286226,22.994650
53.760380,12.121351
56.968687,14.701449
48.723423,13.087674
62.968588,8.266363
54.503527,20.897058
63.586473,17.345952
56.752671,7.445467
56.807618,12.351346
57.954329,12.667912
62.221903,16.746749
57.506061,13.110300
57.927014,13.764948
57.833895,9.552441
57.827502,12.491890
54.228111,14.519812
61.439503,11.414162
54.992533,18.614615
60.073885,10.406495
57.485841,17.658129
59.097696,9.916863
52.905189,11.142872
59.408684,8.418912
59.231164,16.531836
58.327381,13.773520
60.585304,17.424876
59.877783,17.013821
64.861437,18.624798
59.238130,8.849259
56.058363,12.619050
57.144091,17.903783
56.752553,8.289919
53.818625,12.107234
52.701261,5.476864
58.203884,14.835076
57.290958,11.285476
63.708671,12.126531
61.323401,11.647523
55.395217,19.771274
60.578763,15.289173
51.224181,6.929176
58.309773,14.600524
62.401775,8.761126
53.786877,15.603927
59.791154,10.382222
61.560076,11.562676
53.453410,7.949952
58.445656,13.128083
59.728394,12.953114
55.578163,17.812157
59.627751,9.078848
62.805640,12.983776
49.255071,16.442473
52.428397,8.630546
56.244515,14.700465
55.510912,11.554658
54.680980,8.709777
58.477226,13.568984
58.021856,20.184113
54.346508,13.496658
61.375183,7.232795
57.343935,11.503081
55.592193,7.938728
57.100012,11.186018
57.061193,13.154345
60.667874,5.068283
56.589224,15.728604
59.750670,22.641922
49.085418,14.416002
57.818041,13.374332
61.035612,19.020164
55.542219,17.123633
58.851182,21.657103
48.900612,10.069045
61.630875,17.090426
57.794934,13.465630
57.177052,10.307465
59.556538,21.585300
58.429597,14.810985
50.065887,7.691749
54.701665,18.563990
58.084708,16.751325
58.813256,11.592885
56.708555,12.778888
59.217527,5.267678
60.336713,14.809262
51.390502,11.953081
58.236284,12.372662
62.270298,11.533971
57.467441,12.040153
58.086237,12.036391
61.798649,14.438148
50.131985,19.716466
57.758930,16.040318
64.473456,13.236017
58.394824,14.257312
58.719813,13.565611
55.523873,13.347341
60.921332,11.191163
58.174979,13.530744
56.977614,13.872339
55.250568,6.677536
56.576505,14.414778
58.761080,22.795695
62.681713,15.794202
51.204952,17.077152
49.484777,14.006470
53.415720,6.552831
63.651938,7.634156
60.864614,16.036545
62.398805,20.294679
58.375312,21.054516
55.539337,17.128552
56.679088,13.203727
59.848335,7.162694
52.808930,20.833325
61.448242,12.559736
57.767915,13.991975
60.053727,20.443095
59.651604,11.226057
56.970566,17.516898
55.959616,12.948361
55.380191,4.369137
57.089114,14.444776
53.823340,13.381144
58.471642,14.001006
60.464139,19.168615
59.385377,10.261198
57.899010,10.771049
64.749604,14.668668
61.302146,12.237276
58.913098,13.191361
57.803626,14.262910
58.236338,15.069921
54.253866,12.731966
57.413229,13.336732
60.069903,10.195933
53.047068,12.678108
56.672360,16.640723
52.953272,10.155630
56.821640,13.947924
57.837365,12.047882
57.743119,17.020063
54.463134,10.076150
60.844105,7.865029
52.227587,10.597931
54.008183,7.220425
62.070054,13.166501
59.412341,17.222278
57.336965,13.861082
55.037514,5.569747
52.803017,12.480253
64.928472,17.777936
56.857936,7.225806
55.324972,3.751676
55.285320,11.189305
53.485622,18.292233
58.068557,15.095838
57.745645,13.376942
58.759960,17.474269
65.129985,7.708523
66.399962,13.665048
57.450942,11.685519
56.868981,7.363332
67.628078,14.276282
60.432171,4.067589
62.667774,16.113008
57.844238,18.425904
50.121377,17.592967
57.466216,14.224058
57.996808,17.233903
57.636526,13.916077
57.571726,4.775952
55.055180,5.229335
67.121130,10.777345
54.045711,9.557784
53.611329,14.379019
51.291268,9.400262
51.745942,5.807090
56.473560,10.363389
51.631605,16.284057
57.826400,13.179308
58.707284,11.061602
54.083031,13.232490
53.569912,16.028690
50.425457,17.816007
49.919454,14.448772
49.938191,12.594329
59.969048,14.584677
57.629485,20.300805
60.481908,12.386018
49.633974,16.631113
65.792283,9.898538
58.613169,11.277367
56.327393,17.138596
59.953993,18.478566
54.365204,12.264906
60.864058,15.011283
59.348248,20.429793
60.586133,14.070951
58.930286,17.651196
52.950902,12.651234
57.816506,13.316209
65.693242,12.724434
60.550670,12.067173
52.637895,16.805753
60.338579,15.262957
57.663935,13.365511
52.285339,7.376031
57.522608,13.386899
57.830492,14.294763
57.763203,14.628939
57.613684,13.589188
67.113457,12.321691
61.617506,14.443123
59.039136,16.141912
53.675584,17.745507
62.679688,9.053974
49.277383,13.337529
51.109634,16.041391
59.084188,9.866617
64.972798,11.048858
56.896340,12.718291
63.157493,10.226819
61.847837,6.733117
55.742836,10.881542
56.903949,11.936360
64.288748,17.500088
58.209037,12.980923
55.712124,21.304209
57.885860,14.281827
64.643162,17.910023
57.018987,22.914657
47.907485,12.155655
66.508942,9.551852
55.478696,12.672840
53.893385,15.345041
65.371903,7.873326
64.340838,16.256830
53.866507,15.296997
63.847147,7.455403
58.094141,14.386366
63.915087,8.732504
58.823234,11.911881
59.498006,11.754327
53.987193,11.239930
60.361220,9.714099
62.482194,12.584574
64.842446,14.655515
51.641948,6.418885
52.218864,10.649191
53.644625,18.248211
62.638703,18.174742
55.722645,19.138828
57.229698,8.651407
57.567662,12.257797
50.413801,19.578731
58.782531,18.601879
57.180773,9.520247
58.972177,10.026626
52.509054,16.864895
59.141333,16.049062
57.975310,3.496906
47.869258,13.502728
56.591580,18.297257
60.511126,11.081640
51.017147,9.321740
64.379685,19.891745
58.504329,12.403293
55.886617,14.300158
56.937976,15.142458
58.767284,14.849334
60.427928,20.413330
52.159295,8.479197
53.897560,4.543884
63.804207,8.324676
55.164793,22.498995
65.316813,12.379941
59.448248,13.096745
58.473537,6.906174
59.126960,6.825256
59.821628,18.901283
61.802222,13.389094
62.493808,18.226959
59.029502,10.341143
77.099547,30.311808
85.095282,17.586111
83.587479,24.456517
83.777595,24.481853
78.579166,18.651463
89.987771,19.944276
81.766113,28.784557
83.886263,22.187915
77.456597,16.133435
79.681628,25.533406
83.071928,15.647238
87.312926,21.629733
86.960045,22.007213
81.515578,31.808377
79.811702,18.140847
76.098780,26.370403
79.966713,23.947752
85.016174,24.521147
87.494374,20.893139
79.257141,27.240994
82.570144,18.521693
74.563365,28.231416
81.219430,25.205930
80.465805,23.968371
74.393849,22.612476
87.378520,24.842216
82.945918,26.566477
89.863454,29.150194
75.436864,20.231317
76.763235,18.317017
83.341279,21.620026
75.619342,30.331669
88.818150,24.569502
79.624730,22.528662
77.398656,22.154736
82.273278,20.365619
73.806106,24.517355
82.155155,24.374488
84.985051,22.412314
89.665945,17.812613
83.149716,25.997115
86.423471,16.218021
80.125465,25.582307
75.885227,31.266677
89.374722,30.754597
79.120699,28.552654
86.012061,17.790746
78.681088,19.051183
80.036053,19.110482
80.106140,25.453697
74.476072,19.784928
82.169252,24.284849
82.627319,23.951176
85.722553,27.416676
82.776702,23.416137
81.021510,21.984476
86.110658,31.524324
85.296706,24.331784
78.026216,26.329937
73.525460,21.201027
83.399432,24.969120
85.756048,29.075267
85.680818,24.585836
82.524642,23.911087
76.724298,29.983990
76.857516,21.663080
78.375023,19.270562
87.346165,24.541639
85.470703,24.132587
78.382474,19.502256
75.585740,28.250248
82.252146,24.755597
88.709608,19.568305
84.816971,22.847256
84.983930,19.493282
75.516317,31.767239
84.366246,29.086913
90.633718,21.950368
83.082004,16.737588
83.710948,22.468500
79.267016,30.661358
89.559594,21.240892
76.890492,23.040961
82.588511,20.225781
85.288356,30.850271
84.257803,30.240018
84.251900,17.523415
79.947371,18.140782
80.627170,23.002464
74.615116,19.538417
79.256987,20.032279
73.590295,26.815991
82.053225,24.094596
84.744644,22.954581
87.069720,18.548805
79.276104,30.935870
79.030674,30.540348
82.690088,23.717507
85.034500,22.274272
88.136362,29.460791
85.975549,25.800517
83.667042,24.070757
88.354844,17.719148
88.762811,20.276886
81.583876,24.637028
75.905304,21.405470
82.341769,24.619408
75.823506,26.542712
80.017747,30.636640
81.458032,24.024758
81.359351,20.385092
77.089584,19.910402
87.990910,23.010869
88.883045,26.088767
88.379283,28.841098
83.371455,21.083675
77.872406,15.943323
82.592527,31.304439
81.824005,26.312930
84.400479,17.891936
79.103907,17.385228
75.002773,26.826176
84.702293,32.863926
84.317191,16.659599
82.339823,24.734288
86.272824,24.850480
82.643374,24.075512
85.603702,22.694380
79.994308,31.379555
78.768415,17.374858
85.104216,23.934310
90.189525,30.000743
80.408570,32.452605
76.612094,26.399995
89.100506,20.084227
82.138457,28.037829
80.586389,30.261671
81.723139,25.129899
74.987216,30.630126
81.231355,20.403001
82.139868,26.143062
82.581424,26.772844
84.124147,15.740701
76.323283,26.682958
82.720863,17.042286
86.232235,22.942937
76.141383,16.850048
77.646694,29.973934
86.510553,21.064171
84.782424,18.461184
84.026229,23.979500
75.133054,19.745924
76.849079,18.622225
74.347249,19.877655
73.744854,25.051078
75.794086,20.334272
88.807232,29.197314
83.839036,23.127467
77.659671,29.795723
82.396168,24.233050
75.733044,18.234755
77.075557,29.489842
90.947782,20.887769
81.693462,28.356845
86.640340,24.274513
88.613424,26.793916
80.349096,22.402216
75.823597,20.639610
87.762008,21.405822
77.994008,26.419837
86.581907,21.367563
82.176891,19.458755
86.632612,23.727987
81.962751,25.548888
81.680335,24.604703
87.942753,25.647298
90.491949,23.023772
82.662559,24.685844
84.016623,26.286402
79.880604,23.703229
91.739052,27.277448
73.682010,24.744574
88.723187,24.279552
74.608954,18.683495
83.531051,21.672798
77.797380,20.465365
80.870343,22.034801
83.066236,24.933839
79.801759,20.306567
79.069814,19.800745
84.073424,19.003149
75.752146,22.446381
87.485196,31.382331
84.797967,31.887412
83.339528,33.032878
85.031487,21.430696
87.429283,22.808581
74.164455,25.036587
79.154750,32.327199
86.902126,22.313265
87.968494,18.530425
72.535561,25.416960
83.225424,21.151688
86.421200,31.793115
83.102503,26.633642
87.915333,22.346928
89.689349,29.465031
82.213844,33.556931
81.771017,24.739285
82.208611,24.810406
85.860743,27.252799
83.593914,17.956093
82.351936,26.412053
76.929878,26.207424
79.445720,24.490119
77.185676,19.866445
82.187373,26.334601
91.860486,23.063086
80.195328,24.758411
79.462424,25.650003
83.393616,21.333563
86.434323,18.912918
81.066349,27.820794
82.475866,33.730928
82.285028,25.610521
77.358335,24.310750
85.674057,28.630597
84.537674,24.935456
76.391020,24.602189
85.954334,25.100112
91.706567,23.188163
86.279962,22.566572
82.286402,24.333847
80.121265,24.286829
78.979376,26.559048
86.226547,22.234451
78.371589,30.430003
72.884668,22.377524
81.216701,19.974579
82.901395,23.824718
84.809650,24.703149
86.988663,25.482069
81.193671,28.530355
74.227289,24.088413
82.102755,23.181338
75.483706,22.565993
84.358137,30.885792
91.733102,24.613955
81.330083,21.595713
79.302548,23.571417
85.538405,28.724492
78.842504,32.978959
84.442000,22.585686
85.744387,32.282717
80.298053,16.917708
85.144651,18.496292
91.483147,21.704962
80.972189,30.381285
85.094316,24.911027
82.428284,27.637454
73.849022,21.945158
76.528459,20.954684
86.038033,24.904065
74.475369,21.984527
79.017890,24.750991
83.512848,25.694551
81.951446,29.466417
72.987963,26.341428
82.963239,17.943737
79.345234,24.386956
82.506689,24.243268
82.258694,24.449146
76.615505,23.014822
86.648180,16.384369
87.197153,24.162394
82.432353,25.169082
80.938581,23.279770
82.110670,23.552974
83.485889,21.746954
82.299365,18.413514
82.175221,24.321085
83.638214,19.525227
82.074107,25.347807
80.728997,14.675598
74.192586,21.983762
87.562026,26.854241
81.401619,33.403930
84.876870,31.475376
80.512601,24.227982
81.396825,25.972117
84.871261,21.541375
79.813852,22.975340
81.027700,27.370791
82.144549,20.541662
86.984712,25.826151
80.407104,26.987484
83.585007,24.332384
82.251123,24.293492
87.584541,18.452793
84.574316,24.143817
84.323708,24.070460
85.749260,26.918027
77.139684,28.365137
85.983711,23.478843
84.085694,32.218738
83.333213,25.236766
86.589702,24.245804
83.998338,27.278174
81.084293,23.207448
77.279655,17.523122
80.382619,26.662266
80.617507,19.358297
83.136777,25.893997
81.961973,24.104308
87.135604,16.267385
80.972101,25.023978
81.926216,24.905992
89.802720,26.943260
82.767771,26.492430
86.066528,31.443059
88.603599,17.226396
80.482145,23.237036
80.381360,18.839470
84.776331,21.655346
74.058688,29.105840
79.587052,21.453934
82.787984,33.399305
74.160389,29.620917
82.287305,24.213212
82.963696,26.514641
87.950880,20.948582
83.370913,23.669517
78.576770,27.479457
83.118587,23.593563
81.569782,24.986066
82.699066,22.931046
80.425006,16.064630
82.911586,21.909086
81.924146,28.285500
84.024504,17.013340
89.863795,22.012197
73.783924,23.630384
78.859527,18.232948
83.444255,26.209556
83.228429,24.870767
81.993052,24.541507
89.091710,24.457752
77.910471,18.184195
80.260541,19.665550
80.480405,29.701278
78.755863,32.693020
74.785806,25.586906
81.715482,26.432430
79.888795,15.961870
82.524386,24.624819
78.454757,18.786891
76.524787,23.206986
91.706430,25.918130
86.923037,33.085271
85.710977,28.874347
82.035795,24.439819
79.374881,17.702195
87.811908,25.137122
80.568827,20.457513
82.366874,28.125100
83.064616,24.496527
77.894183,15.593476
82.719471,28.858699
81.806271,23.003823
85.625811,29.734905
81.428093,24.123789
80.203121,20.904521
81.005790,34.138291
79.977518,22.676737
79.075488,22.140191
42.701533,71.686819
46.667255,79.395928
50.828920,87.956218
45.816982,77.626275
43.655455,76.358880
50.965666,70.764115
43.181503,76.567834
45.037438,75.375441
41.991264,78.267280
48.070743,78.152165
52.319411,83.909739
44.709108,80.714451
48.662085,79.969448
48.127825,78.955353
43.659281,84.267656
50.167679,83.641892
46.076008,80.508957
51.711729,80.477034
42.690062,86.247991
47.865307,78.690604
49.224365,87.602290
49.555113,80.504795
48.635771,76.824255
41.105284,81.686967
47.007101,84.403769
45.112609,78.000683
45.501306,82.115714
52.546614,76.499687
44.896799,74.943839
50.020446,79.375657
39.196135,75.139290
51.418165,86.344007
48.143344,80.114951
51.685894,78.314760
54.481891,81.501035
48.714237,74.134597
46.400014,80.049834
49.653896,82.930151
47.327774,70.625457
46.527662,79.329020
46.479090,83.894500
39.294016,84.276929
48.728670,78.945311
52.977115,82.576515
47.706440,75.566012
55.562221,80.490660
47.899467,80.725090
47.332815,78.343199
48.296538,79.899534
50.010221,79.852715
47.606167,79.578916
43.995502,72.238099
38.738359,78.036995
48.467550,70.733635
48.661755,71.909734
48.093643,78.951094
50.645944,77.352779
47.462251,80.722064
53.711012,80.910313
56.148511,84.460282
42.198357,80.960670
50.756057,84.664309
54.683879,85.802666
50.236687,80.443197
53.637303,73.188372
56.656685,81.975009
47.363457,78.447227
47.396566,78.767239
45.792690,74.067313
49.187996,84.198950
47.363733,81.533691
53.964535,78.599129
49.109678,78.576818
40.368218,77.908652
43.622230,84.498537
49.138441,83.715365
43.970579,77.878449
40.208318,79.226732
46.735276,81.280366
48.605733,84.582770
52.470271,79.549024
46.639253,77.538820
48.300578,82.326373
53.348523,81.864178
52.192501,82.050342
48.002119,84.628608
42.049022,80.211082
44.158034,72.254353
44.535112,87.791642
39.219741,81.722357
47.458236,76.983276
48.369067,77.753694
48.475518,87.733191
47.399279,80.295290
41.992387,75.845789
48.745391,78.857287
50.443815,73.699756
44.785225,82.006481
46.104020,84.538888
48.590982,80.720321
45.261618,82.282002
51.496649,76.740240
46.008716,78.283155
39.645457,82.078127
44.495669,81.968396
51.765775,78.980765
53.969487,83.482479
50.263962,71.701841
44.344160,82.577827
47.873566,78.596625
42.145268,75.362120
41.895491,72.369075
41.312574,74.037203
48.495288,79.276381
43.191458,74.905231
47.264056,80.316965
45.730914,81.723381
42.405671,83.249375
47.936312,75.821857
57.470597,78.376271
39.011983,84.429808
42.840997,79.760428
47.638644,80.639839
49.566788,79.312343
49.310671,84.816015
49.460566,77.640398
43.716606,78.782248
44.876193,79.324196
50.966089,77.119929
47.924052,86.354830
44.783828,70.995177
43.803152,83.183321
46.842333,73.230813
52.114644,77.717526
54.627493,76.393665
50.965452,82.539647
42.978462,77.919362
52.825602,76.718452
50.483042,78.563081
46.001380,79.587388
51.987645,86.295374
55.347735,84.367044
48.560663,85.057710
47.668397,79.542194
46.455580,80.761010
48.488023,79.691236
43.934206,74.028757
49.311991,82.043337
39.697761,82.200225
42.235239,81.843292
47.872765,81.381131
50.106191,81.123408
49.650814,75.900207
42.889269,81.080151
52.024808,80.544704
46.639961,80.692753
50.926601,77.604551
48.940819,84.063763
45.274046,88.175636
49.149543,78.705343
44.684387,83.882468
45.753809,78.252378
46.311697,87.265945
50.719043,79.992086
39.539706,76.770765
45.606169,84.844152
49.580027,82.960502
53.662035,73.138673
55.022877,75.561092
49.885214,80.392377
47.761078,79.572053
55.180271,79.865244
51.151497,78.232373
46.806971,80.736956
49.856495,78.185055
44.489829,71.981550
54.569818,72.405829
56.925352,82.281337
40.719742,77.189154
43.366380,79.298733
41.004147,82.282540
49.100035,86.366189
41.812746,82.253107
50.772413,75.658415
46.876295,81.645397
46.140832,80.643111
48.827983,79.827795
42.518579,74.940212
46.027346,76.104092
47.686963,81.158930
48.674144,79.729957
43.753659,85.835173
55.544881,80.150321
48.869982,79.788677
50.303625,70.402265
50.516736,79.309307
45.178225,77.372637
47.680794,80.762832
50.907179,83.498051
55.816175,82.336277
39.257323,81.532416
46.824912,83.112629
45.688904,77.373946
49.098111,80.787057
53.434983,84.037554
44.579424,84.623094
41.548407,84.679083
50.126166,80.683560
46.600611,74.844561
41.995060,80.600151
55.376009,80.898098
47.218796,70.851943
48.210652,77.576041
44.782309,80.397691
46.592454,81.549859
47.773644,80.964257
47.946957,79.387824
47.844944,79.814559
55.930441,83.052225
47.425325,77.613565
39.148279,79.168167
45.510844,74.599469
45.006493,70.020070
51.648725,77.093049
47.938353,78.725845
52.531393,77.881703
48.281824,79.535726
50.974843,85.761114
48.438898,83.860210
47.070913,80.062024
49.292527,79.651148
47.740225,71.511537
50.273828,78.469011
47.797048,76.266312
47.049318,81.105244
49.166264,77.731955
43.488862,76.116893
56.123995,74.414769
43.953910,72.488203
43.467804,78.102068
55.015263,78.209370
48.096430,80.582688
47.854638,87.279535
44.155878,85.189935
44.784050,79.767021
51.438531,86.452602
46.064101,76.594212
42.852271,77.521345
49.219315,78.968416
46.848503,81.688387
51.175389,73.356250
44.893104,86.688368
47.994929,86.263720
48.699668,75.772450
47.588090,81.290229
43.860537,76.803505
48.657343,70.047560
46.544465,72.220417
57.502256,81.299223
50.708613,77.788881
47.536396,86.573073
42.540331,82.623576
51.416960,86.032324
45.725950,81.429615
43.883632,83.414226
44.506100,88.910677
49.266808,87.467571
48.467356,84.616268
48.365806,78.677876
47.126790,77.525944
46.083072,81.521934
47.690020,79.566606
50.627356,82.121930
49.662120,77.144296
47.781249,74.124172
47.579097,78.681838
54.296393,83.126250
39.682592,83.227490
53.951054,86.506285
45.872845,85.432667
42.894267,74.645055
46.840414,79.817660
41.158684,77.846554
52.749765,81.556756
49.029193,80.432458
48.060027,75.446497
47.268396,78.743494
42.242341,71.745343
50.733835,77.764651
46.484827,81.905551
43.793391,75.369847
46.792568,79.794317
53.839281,73.799052
48.752838,86.528155
44.115416,77.376353
45.205554,80.092454
51.374838,72.644621
47.756715,79.318913
49.861271,82.387284
48.285948,80.024895
47.682330,79.598402
42.396895,81.865840
40.348228,76.724686
46.642640,85.702182
47.383068,78.455685
41.494161,85.553567
46.951613,70.673143
56.532337,82.459461
45.178866,78.994093
51.011354,84.064233
50.475574,74.978457
47.149055,79.255249
48.772311,72.715519
44.678260,80.219274
47.572841,79.662159
52.960898,82.252859
40.311166,73.059693
52.033544,73.116316
46.033924,76.202030
49.427444,83.048080
43.334984,77.852066
48.370735,75.417583
41.620579,75.408605
47.477532,79.130530
43.171190,84.688227
48.271934,77.556201
42.474470,85.360484
45.758911,76.267336
39.690763,75.848468
51.743204,85.504418
52.671352,79.532393
49.052162,79.141315
43.286765,76.869236
43.145839,72.300595
40.997422,85.088350
53.219214,82.624531
41.686810,78.256927
47.087247,70.007130
53.202072,78.660447
53.334556,78.495080
50.996697,73.478550
49.559263,79.748514
46.762089,78.550619
45.091189,79.926454
43.086438,79.685498
53.002292,77.737177
47.493953,79.145582
52.634990,82.113794
43.804266,84.966192
46.502852,77.454358
49.551647,73.728161
48.073071,80.030389
39.542237,74.970083
55.172650,82.576525
46.905373,83.551218
54.057177,82.876876
47.657680,77.186485
43.649662,77.227764
46.938439,73.741194
44.261135,81.796624
49.174678,80.135733
50.053717,76.475178
49.324709,78.349105
47.091271,77.238596
50.630266,75.522557
56.636134,80.789134
38.086678,81.137535
42.643110,81.851414
52.308428,73.862515
42.977181,82.107779
48.028779,79.061032
48.498507,77.064541
47.702568,82.942789
43.613558,74.603998
45.367285,76.307387
78.529792,74.967716
86.201954,80.521295
79.123466,74.874824
79.401587,72.478714
85.456838,75.757380
81.364412,74.131026
82.866661,65.964667
86.720245,77.869501
77.253745,76.994868
76.436003,81.194377
75.041296,68.126033
78.438485,72.527761
84.679508,70.874000
73.537819,79.435760
87.351448,73.148387
75.788611,74.024588
74.764322,72.439227
78.454582,72.158782
71.305707,78.158546
85.543459,74.656817
75.687195,74.633133
81.836424,69.946998
75.336774,76.568122
78.714575,75.896235
74.838528,76.800505
79.452721,74.640998
83.496474,67.644862
80.336800,65.810798
77.077852,74.584823
78.436175,73.822958
78.576305,74.302434
71.503409,71.836211
87.050773,73.446882
79.696870,75.546362
78.528193,66.314406
79.971494,72.410289
70.147255,76.910622
79.742635,77.195545
79.512414,74.109160
75.487016,79.239750
80.228853,73.336339
81.163990,70.642843
74.503241,68.943748
82.528478,67.904485
82.193655,76.877389
81.252235,74.688784
80.130236,70.089947
79.086076,74.614055
78.910543,76.525781
83.562875,75.879701
87.773386,76.552546
75.290370,73.897541
84.804691,72.098638
83.062056,73.376741
77.211238,66.842859
81.565416,71.707271
81.240666,76.590095
79.133443,73.417739
81.406557,76.811172
80.515717,76.096677
79.882585,76.492832
81.728143,75.859861
82.280375,67.723070
76.978127,79.136947
80.415204,82.459474
82.757849,75.128673
72.190047,71.180049
80.578975,78.689942
77.621257,75.070665
80.927010,69.047534
80.846963,77.744055
83.127710,70.695622
84.137047,72.131493
82.297629,71.543813
88.133601,73.144218
75.737045,81.522263
85.182305,82.021291
72.430970,71.467679
83.831864,79.130428
81.013719,83.767912
77.248453,76.318472
84.120448,67.110134
86.380327,76.097859
79.396831,74.761346
78.517871,66.909793
83.972751,80.886288
79.923073,74.682515
77.973962,74.751426
84.234461,68.608935
71.539120,70.993606
78.442581,76.171861
80.514779,70.886104
85.423881,69.139374
84.191348,75.595693
83.156335,71.464189
73.731497,73.481294
77.741619,66.514679
77.409861,71.144706
78.845159,76.736740
83.106763,74.819764
82.950003,75.571138
72.530857,68.682648
81.353209,72.126103
80.207620,78.423624
79.243154,74.751166
79.191809,75.885380
70.705131,71.996928
77.523497,71.910636
75.044126,79.674504
79.413340,77.229745
77.789932,77.936446
75.996121,79.407294
72.679002,78.516558
78.667232,68.109696
79.022204,73.181074
86.147243,77.317828
83.112659,76.625586
76.232506,70.390363
78.943350,65.881387
80.122226,70.263691
74.407069,82.375459
77.593664,83.943663
79.796203,75.328612
77.643292,73.266962
76.237444,76.849130
77.780529,72.607129
76.349171,75.592616
82.096423,78.632978
76.295246,81.057302
79.280157,77.583982
78.785504,67.260114
80.356966,72.925902
79.520495,76.515307
81.396190,76.690772
79.515194,74.997413
85.646052,82.001374
73.218034,78.310486
80.976706,71.830431
74.820175,68.660344
78.743774,74.763629
79.412300,74.727084
78.969130,74.819777
75.523110,73.026526
81.265902,71.133903
76.068918,73.355540
80.302731,76.566248
82.038796,80.240685
78.678835,75.796703
77.815831,73.879823
73.309435,69.606698
86.701610,74.908175
77.932519,76.281737
83.650494,68.287445
72.344576,75.067829
80.210097,73.123229
82.412371,77.839590
76.844848,71.759443
78.845918,83.999928
72.940737,73.890900
75.170176,75.863271
76.025100,75.708733
75.823565,66.163242
69.775079,72.873582
79.199567,74.266111
77.786227,81.253916
80.186742,79.139421
77.266228,81.362575
79.014723,73.220103
86.911057,69.477849
82.877589,77.487243
82.862373,69.807550
77.891718,70.349460
83.120608,74.057457
78.093253,76.730876
80.384689,71.923247
82.950402,66.495978
84.624836,77.236029
71.283156,76.679503
72.607532,72.320302
81.510490,78.289571
73.501182,74.360374
75.875458,74.322501
86.510706,68.196865
76.518259,81.856590
72.463840,74.853207
84.513833,79.819266
81.587579,74.873575
83.182566,77.234317
84.110473,70.063174
73.384607,67.547309
73.969134,79.764946
84.703324,74.183751
77.360171,66.040545
72.306043,79.735992
83.260080,70.573940
80.995761,78.692813
84.097734,74.241530
75.813941,75.869781
78.834064,73.801121
76.461173,74.957066
77.538069,73.955187
80.402689,74.730363
81.241761,75.010251
81.748336,79.155967
81.413998,70.398854
73.195374,80.030663
78.613804,75.878865
79.881827,75.259576
85.775937,72.150159
76.608698,75.317355
80.723380,71.298041
80.302260,67.497779
71.650673,73.657151
71.898595,78.261140
73.248246,79.280159
77.644957,79.289452
78.463009,66.541121
79.695520,71.420093
79.571898,73.184754
75.813921,76.081068
79.914120,74.219881
77.669977,73.621302
78.718319,75.499267
81.705008,67.144051
72.075871,68.420583
79.134212,74.378415
86.802956,69.031239
86.571102,80.488315
83.239655,72.848929
83.283759,69.095400
74.491598,80.497497
75.816810,66.222647
79.231779,74.382479
75.288011,69.036562
79.485866,68.535058
78.457796,74.532274
76.375869,78.205775
77.026299,71.432211
70.451988,76.124226
76.826175,78.766096
83.925108,68.682459
83.242435,73.929730
76.697837,75.219490
79.924125,75.186838
79.517020,74.541168
74.544229,77.443492
72.621089,75.607362
83.894377,81.987150
86.544903,72.278366
82.785053,74.418512
74.858599,82.270787
86.754407,78.862385
79.491141,74.475011
77.476317,72.944332
84.867246,73.844861
76.316833,74.503201
79.574510,74.892713
83.224172,74.869161
75.650465,73.379874
79.818197,75.746090
80.979592,76.656964
71.718108,77.136970
83.316717,71.335065
73.060169,76.751026
71.189171,70.394612
80.927290,75.710308
77.069795,74.649404
83.756461,74.110095
74.597462,70.132409
82.828903,79.804372
81.505697,78.292756
85.783170,79.659113
79.083539,75.156715
83.759040,79.434501
81.422317,70.949679
80.752338,76.095522
78.737104,73.468238
71.126890,70.843418
77.290365,81.540841
78.465860,71.862159
78.932615,78.016919
80.102374,75.193016
78.695958,82.588173
80.575379,69.592316
79.552658,76.111651
82.003540,74.783105
76.136785,73.470198
80.510393,76.544400
80.787566,66.236824
86.748006,71.565984
76.184369,72.331962
75.575590,78.020100
78.248938,78.157137
80.111289,74.484192
78.887072,70.069003
76.240170,66.926738
83.489777,78.118361
79.962214,71.943911
78.271443,70.067132
84.782341,82.976465
78.421098,75.054945
82.804283,76.234778
77.683861,73.100113
78.391136,71.869842
81.283384,71.942817
71.845047,75.364003
78.192169,72.924847
81.337891,76.092868
76.233639,73.399952
74.890589,74.678585
79.731216,68.515533
74.916903,70.361957
83.821133,79.144705
74.559366,70.834932
79.381850,75.062773
80.656984,73.057367
80.440198,74.273090
79.867476,72.174719
79.670810,74.994535
78.727205,83.687144
75.663289,78.632765
76.721573,82.294661
85.412136,75.992304
86.452427,81.324746
78.238415,78.805989
83.956740,65.845190
79.919469,75.843249
82.579683,71.579104
79.893399,74.249256
86.734491,77.800127
82.977140,74.649832
76.772437,76.610297
75.915218,74.925853
70.403662,76.597947
83.591504,69.678443
79.223337,73.221307
79.801645,75.294477
80.894853,69.417141
87.901988,74.602688
81.875790,77.808359
85.290066,72.211598
80.379274,72.811807
76.194627,70.506465
73.309690,78.016337
80.052479,75.055252
82.730577,67.029070
83.075790,78.867950
81.681608,77.354865
79.718059,74.254972
79.148564,76.211338
79.060198,74.350143
82.356081,76.200966
87.483594,79.947857
80.829463,74.109073
87.641692,73.058568
72.658447,73.210128
77.780751,73.636926
73.374674,70.689871
82.583503,78.013290
81.253191,76.750170
82.412496,75.582594
79.915464,74.661849
79.634582,77.207892
75.958906,65.871914
82.571635,79.041175
73.556104,76.914766
79.517711,66.081099
82.190874,79.817490
76.424199,77.099911
81.739502,77.012399
77.287740,74.650603
80.824899,73.517267
79.832223,69.578962
79.591248,74.955645
79.548913,82.749636
24.312922,18.886455
20.881881,6.991170
23.157445,13.174059
15.007411,17.785508
21.702249,15.240026
23.007406,6.813247
24.762000,15.606460
25.977168,7.559122
17.704459,10.344518
17.896598,10.720059
26.979163,12.275140
24.628076,15.220352
15.178468,6.596274
20.414170,11.137121
15.072873,5.947054
20.306764,6.375984
16.113186,8.029286
14.994140,5.008970
14.368046,11.403102
20.740901,11.474359
21.699744,4.450558
11.115423,18.705316
22.323877,5.010311
21.988677,14.386272
13.303704,9.405248
21.044609,7.508825
17.820364,19.959106
16.473871,21.051639
17.889981,5.568215
17.204631,8.619932
13.427239,7.371311
19.840868,16.752866
20.139485,14.089909
25.354286,13.602483
26.117366,17.822104
18.215628,11.645845
19.458047,14.323149
17.224708,14.208561
18.363391,12.796850
21.024985,10.282782
18.959234,12.062471
17.425519,12.246412
26.223996,13.826296
19.860220,8.125474
23.595179,17.324557
22.790934,14.003773
20.012760,13.161802
15.561549,6.972552
18.418252,16.872596
24.429909,13.663075
22.551541,12.812212
21.648090,21.601402
18.391567,11.010697
16.368479,14.770635
17.798291,11.094205
23.452644,20.690009
17.089510,15.846287
15.852678,16.820547
17.690078,10.153979
17.994408,11.985934
19.030766,13.238847
17.642786,14.439171
21.090859,5.153970
14.849969,5.822480
17.675406,5.187839
20.632829,8.476788
13.843858,9.712179
17.155364,9.290027
22.917054,9.352818
22.713601,15.651339
22.506211,10.638746
19.909749,17.434142
18.242717,12.264404
14.603638,12.360045
14.576341,11.542240
22.220376,19.320799
9.948720,17.400501
18.725569,12.437871
15.501486,14.502797
25.110535,6.573848
17.970409,18.052006
17.447574,11.668717
11.112271,8.227346
12.691509,5.774655
18.427221,17.295672
20.094038,10.091431
27.527299,12.191019
20.657517,22.025729
20.246294,13.793196
20.464802,9.533858
17.924755,16.552828
17.760330,9.421981
17.758651,10.407541
22.934374,17.221836
18.938524,10.999015
18.935849,17.625744
10.322224,14.734327
23.932664,8.677082
18.424632,12.145683
17.129581,18.544567
21.332770,8.478965
25.744328,17.472336
18.874405,12.951261
16.029080,11.375142
16.949230,4.422562
20.991321,13.380936
22.846707,10.610759
13.516129,9.994933
19.890619,17.540828
22.740270,9.537549
27.671821,13.566827
20.763544,12.303913
18.898470,11.731703
13.108014,14.442389
16.781930,14.994017
10.974819,18.696740
14.357016,13.981922
10.550801,15.795641
23.078837,4.517098
12.277760,15.830692
15.530848,5.538968
11.511889,8.711806
21.941560,16.298610
16.744434,14.331520
9.075512,10.501687
17.126384,15.660559
18.516928,6.125815
17.264811,14.082715
22.718975,16.618144
14.466102,10.462702
15.524674,17.241985
19.442968,11.584630
11.008368,16.147459
25.493658,14.915880
16.977846,17.272298
17.031434,9.360466
22.506384,19.328126
19.081257,10.397081
10.453512,8.950283
21.126341,15.940105
20.246219,11.261362
15.343554,13.101426
16.031084,4.059753
19.870787,11.943196
22.072162,11.660926
13.830863,10.159788
13.796158,9.738813
18.447560,15.712229
20.281016,14.290865
13.529660,16.429543
14.066639,4.483858
19.341750,16.048662
15.305057,17.100329
16.403692,17.625403
12.057848,7.485683
8.728104,12.762775
20.614487,3.117756
18.083516,13.374905
20.148637,12.869441
18.236758,14.319175
11.710775,16.985181
18.998165,11.982180
15.192271,3.541574
20.957103,20.836633
18.255244,6.782265
14.770693,10.049694
25.781933,9.045840
25.404489,9.668311
25.324869,12.822020
11.733237,6.275904
22.059174,20.679219
14.779759,6.778995
18.135708,11.890060
28.038602,12.461884
23.015866,9.551102
17.925320,4.918782
19.329994,13.649450
20.078945,6.468797
18.277347,13.348931
20.840776,19.630926
18.097741,13.545280
26.497999,13.323553
16.832534,15.377700
11.840567,6.874754
17.391175,8.394318
20.763633,3.848515
18.500175,11.102580
25.753771,6.317447
12.479580,16.696755
17.050192,12.506805
18.423502,12.291435
22.794971,6.263694
20.517645,15.256193
14.933904,4.385589
19.299937,10.608555
18.477642,12.711264
17.307148,4.567969
21.571832,11.458347
14.111202,6.671978
13.806208,12.943294
18.362161,12.042384
18.959618,10.802657
17.431891,12.149937
20.621639,10.998296
21.846576,8.670483
23.104607,13.084907
16.801239,18.331711
14.254704,14.695767
13.580609,18.582885
23.587757,8.940899
20.389574,11.739575
13.554791,12.919207
13.619583,11.307330
16.989654,11.947492
12.307749,17.152037
20.077058,16.303356
19.711931,3.635811
17.852367,3.642798
18.565127,12.545876
17.460977,2.836986
12.229212,18.217367
17.070245,10.966313
17.549917,14.872171
11.855332,8.938471
21.797547,10.735066
22.832155,6.906595
13.947654,17.070614
21.404558,21.690093
18.696063,10.558812
14.641449,11.473538
22.936171,10.076852
18.510737,17.745432
9.861603,12.410555
16.837152,9.523820
18.597271,12.805601
20.298823,17.178853
22.546902,6.827594
9.600364,16.281338
16.945551,13.550158
19.522225,7.126103
24.820249,13.119753
27.854791,13.480068
13.457210,3.939755
19.313356,17.177605
14.722180,18.316391
19.764781,5.453276
22.997413,17.538151
23.496008,9.189887
23.390249,4.032877
9.848892,13.231817
18.262297,12.464165
22.144477,8.812921
18.977755,12.074063
17.764351,17.848154
18.918637,11.974330
17.915741,16.906952
26.480058,13.897602
18.622031,14.190212
11.570049,5.621876
17.442619,4.569096
23.852436,10.223686
19.661926,16.572231
14.864609,10.044104
16.878480,18.871843
19.406584,14.156517
21.404624,14.062287
12.929556,18.591490
21.897012,16.680041
16.634849,12.759772
17.260741,8.596821
15.866588,7.975803
14.950812,12.163706
12.226946,8.685764
20.722232,9.152833
19.547819,5.090310
19.155533,11.676528
22.312119,9.183232
9.316455,8.127070
8.333095,13.290057
13.607925,10.096900
19.405823,11.856335
22.692784,19.472917
23.231053,9.812574
19.543634,13.970845
12.947444,18.585786
17.858395,12.417706
13.320364,19.468150
21.258662,9.450846
20.605179,9.569720
20.854000,7.536185
12.000729,9.674128
13.319353,16.946887
15.997509,14.411211
19.437395,12.873913
18.516431,13.424091
22.639477,14.029481
20.405951,12.541674
13.717787,12.472733
20.948391,5.654462
18.394139,12.682602
15.014323,17.140437
24.809767,12.696880
17.399006,12.315900
16.717429,11.079708
17.128425,14.566503
26.195922,16.610197
18.962318,10.981874
10.900010,12.141188
12.961132,12.268023
12.414231,9.649699
18.835515,12.478547
19.877188,19.272569
18.762663,11.653727
22.556257,20.581079
17.230332,6.511273
19.865897,19.338142
13.303133,12.126141
21.332594,15.937045
9.326281,13.313148
20.647291,11.627932
15.859923,10.494406
23.716126,13.544781
17.883655,15.619377
22.031992,10.138535
8.694797,14.920139
18.091091,12.548208
18.220809,12.445772
18.383341,12.591194
21.909514,14.528376
18.745234,15.607473
9.727667,7.303168
20.634572,17.529392
16.227480,16.738322
20.890544,14.211903
19.734321,13.270679
18.017842,21.908625
18.491600,7.233680
17.384813,16.606251
16.578269,15.298467
19.005885,11.480039
16.283302,13.636727
15.872984,7.330812
14.740120,6.789848
18.868670,13.214067
18.480988,12.774076
18.973393,5.087114
15.261624,7.724796
17.164597,11.335350
21.324053,15.910809
22.362091,16.012953
10.582626,11.569511
18.310298,12.315108
25.405266,15.694441
25.107583,11.705605
24.120381,18.100230
21.497268,6.342554
19.361297,12.324800
14.893146,4.486094
23.360827,18.386287
16.186331,13.849458
13.398883,16.193813
13.816982,16.131647
12.049984,8.537434
16.309860,12.250135
18.592849,12.818739
25.071624,18.055496
16.880587,13.622995
22.671066,4.904716
15.355660,15.706529
24.722583,7.047433
19.574428,13.354569
11.961274,7.686505
14.042349,18.807798
22.089317,13.788800
18.501297,12.205113
